# nurbs mesh v.0.7
#
# 03-Jul-2014
#
2 3 2 2
# Patch 1
PATCH 1
   2   2
   4  10
0.0000000   0.0000000   0.0000000   0.5000000   1.0000000   1.0000000   1.0000000   
0.0000000   0.0000000   0.0000000   0.2500000   0.5000000   0.5000000   0.6500000   0.8000000   0.8000000   0.9000000   1.0000000   1.0000000   1.0000000   
-27.000000000000000   -24.500000000000000   -19.500000000000000   -17.000000000000000   -27.000000000000000   -24.156250000000000   -18.468750000000000   -15.625000000000000   -27.000000000000004   -23.468750000000000   -16.406250000000000   -12.875000000000000   -27.000000000000004   -23.125000000000000   -15.375000000000000   -11.500000000000000   -27.000000000000000   -22.781250000000004   -14.343750000000002   -10.125000000000000   -27.000000000000000   -22.093750000000007   -12.281250000000000   -7.375000000000000   -27.000000000000000   -21.750000000000004   -11.250000000000002   -6.000000000000000   -27.000000000000000   -21.176774999999999   -9.530325000000001   -3.707100000000001   -27.000000000000000   -20.676775000000003   -8.030325000000000   -1.707100000000001   -27.000000000000000   -20.750000000000000   -8.250000000000000   -2.000000000000000   
20.000000000000000   20.000000000000000   20.000000000000000   20.000000000000000   17.500000000000000   17.625000000000000   17.875000000000000   18.000000000000000   12.500000000000000   12.875000000000000   13.625000000000000   14.000000000000000   10.000000000000002   10.500000000000002   11.500000000000002   12.000000000000002   8.500000000000000   8.875000000000000   9.625000000000000   10.000000000000000   5.500000000000000   5.625000000000000   5.875000000000000   6.000000000000000   4.000000000000000   4.000000000000000   4.000000000000000   4.000000000000000   3.000000000000000   3.103549999999999   3.310649999999999   3.414200000000001   1.000000000000000   1.103549999999999   1.310649999999999   1.414200000000001   0.000000000000000   0.000000000000000   0.000000000000000   0.000000000000000   
1.000000000000000   1.000000000000000   1.000000000000000   1.000000000000000   1.000000000000000   1.000000000000000   1.000000000000000   1.000000000000000   1.000000000000000   1.000000000000000   1.000000000000000   1.000000000000000   1.000000000000000   1.000000000000000   1.000000000000000   1.000000000000000   1.000000000000000   1.000000000000000   1.000000000000000   1.000000000000000   1.000000000000000   1.000000000000000   1.000000000000000   1.000000000000000   1.000000000000000   1.000000000000000   1.000000000000000   1.000000000000000   1.000000000000000   0.963387500000000   0.890162500000000   0.853550000000000   1.000000000000000   0.963387500000000   0.890162500000000   0.853550000000000   1.000000000000000   1.000000000000000   1.000000000000000   1.000000000000000   
# Patch 2
PATCH 2
   2   2
   4  10
0.0000000   0.0000000   0.0000000   0.5000000   1.0000000   1.0000000   1.0000000   
0.0000000   0.0000000   0.0000000   0.2500000   0.5000000   0.5000000   0.6500000   0.8000000   0.8000000   0.9000000   1.0000000   1.0000000   1.0000000   
-17.000000000000000   -8.500000000000000   8.500000000000000   17.000000000000000   -15.625000000000000   -8.680000000000000   5.210000000000001   12.155000000000001   -12.875000000000000   -9.039999999999999   -1.370000000000000   2.465000000000000   -11.500000000000000   -9.219999999999999   -4.660000000000000   -2.380000000000000   -10.124999999999998   -8.188749999999999   -4.316250000000000   -2.380000000000001   -7.374999999999998   -6.126250000000000   -3.628750000000000   -2.380000000000001   -5.999999999999998   -5.095000000000000   -3.285000000000000   -2.380000000000001   -3.707100000000001   -2.890405479651058   -1.257016438953173   -0.440321918604230   -1.707100000000001   -0.842905479651058   0.885483561046827   1.749678081395771   -2.000000000000000   -1.000000000000000   1.000000000000000   2.000000000000000   
20.000000000000000   20.000000000000000   20.000000000000000   20.000000000000000   18.000000000000000   17.685000000000002   17.055000000000000   16.740000000000002   14.000000000000000   13.055000000000000   11.164999999999999   10.219999999999999   12.000000000000002   10.740000000000000   8.220000000000001   6.959999999999999   10.000000000000000   9.115000000000002   7.344999999999999   6.460000000000001   6.000000000000000   5.865000000000002   5.594999999999999   5.460000000000001   4.000000000000000   4.240000000000002   4.719999999999999   4.960000000000001   3.414200000000001   3.594276668870705   3.954430006612121   4.134506675482825   1.414200000000001   1.474276668870708   1.594430006612118   1.654506675482825   0.000000000000000   0.000000000000000   0.000000000000000   0.000000000000000   
1.000000000000000   1.000000000000000   1.000000000000000   1.000000000000000   1.000000000000000   1.000000000000000   1.000000000000000   1.000000000000000   1.000000000000000   1.000000000000000   1.000000000000000   1.000000000000000   1.000000000000000   1.000000000000000   1.000000000000000   1.000000000000000   1.000000000000000   1.000000000000000   1.000000000000000   1.000000000000000   1.000000000000000   1.000000000000000   1.000000000000000   1.000000000000000   1.000000000000000   1.000000000000000   1.000000000000000   1.000000000000000   0.853550000000000   0.858872260174471   0.869516780523414   0.874839040697885   0.853550000000000   0.858872260174471   0.869516780523414   0.874839040697885   1.000000000000000   1.000000000000000   1.000000000000000   1.000000000000000   
# Patch 3
PATCH 3
   2   2
   4  10
0.0000000   0.0000000   0.0000000   0.5000000   1.0000000   1.0000000   1.0000000   
0.0000000   0.0000000   0.0000000   0.2500000   0.5000000   0.5000000   0.6500000   0.8000000   0.8000000   0.9000000   1.0000000   1.0000000   1.0000000   
17.000000000000000   19.500000000000000   24.500000000000000   27.000000000000000   12.155000000000001   15.866250000000001   23.288750000000000   27.000000000000000   2.465000000000000   8.598749999999999   20.866250000000001   27.000000000000004   -2.380000000000000   4.964999999999996   19.655000000000001   27.000000000000004   -2.380000000000001   4.965000000000000   19.655000000000001   27.000000000000000   -2.380000000000001   4.965000000000000   19.655000000000001   27.000000000000000   -2.380000000000001   4.965000000000000   19.655000000000001   27.000000000000000   -0.440321918604230   6.419758561046827   20.139919520348940   27.000000000000000   1.749678081395771   8.062258561046829   20.687419520348939   27.000000000000000   2.000000000000000   8.250000000000000   20.750000000000000   27.000000000000000   
20.000000000000000   20.000000000000000   20.000000000000000   20.000000000000000   16.740000000000002   16.930000000000000   17.310000000000002   17.500000000000000   10.219999999999999   10.789999999999999   11.930000000000000   12.500000000000000   6.959999999999999   7.720000000000001   9.240000000000000   10.000000000000002   6.460000000000001   6.969999999999999   7.990000000000002   8.500000000000000   5.460000000000001   5.469999999999999   5.490000000000002   5.500000000000000   4.960000000000001   4.719999999999999   4.239999999999998   4.000000000000000   4.134506675482825   3.850880006612119   3.283626668870706   3.000000000000000   1.654506675482825   1.490880006612120   1.163626668870705   1.000000000000000   0.000000000000000   0.000000000000000   0.000000000000000   0.000000000000000   
1.000000000000000   1.000000000000000   1.000000000000000   1.000000000000000   1.000000000000000   1.000000000000000   1.000000000000000   1.000000000000000   1.000000000000000   1.000000000000000   1.000000000000000   1.000000000000000   1.000000000000000   1.000000000000000   1.000000000000000   1.000000000000000   1.000000000000000   1.000000000000000   1.000000000000000   1.000000000000000   1.000000000000000   1.000000000000000   1.000000000000000   1.000000000000000   1.000000000000000   1.000000000000000   1.000000000000000   1.000000000000000   0.874839040697885   0.906129280523414   0.968709760174471   1.000000000000000   0.874839040697885   0.906129280523414   0.968709760174471   1.000000000000000   1.000000000000000   1.000000000000000   1.000000000000000   1.000000000000000   
INTERFACE 1
1 2
2 1
1
INTERFACE 2
2 2
3 1
1
SUBDOMAIN 1
1 3 
SUBDOMAIN 2
2 
BOUNDARY 1
1
1 1
BOUNDARY 2
1
3 2
BOUNDARY 3
3
1 3
2 3
3 3
BOUNDARY 4
3
1 4
2 4
3 4
