# nurbs mesh v.0.7
#
# 26-Aug-2014
#
   2   1
PATCH 1
   2   2
   4  10
0.0000000   0.0000000   0.0000000   0.5000000   1.0000000   1.0000000   1.0000000   
0.0000000   0.0000000   0.0000000   0.2500000   0.5000000   0.5000000   0.6500000   0.8000000   0.8000000   0.9000000   1.0000000   1.0000000   1.0000000   
-27.000000000000000   -24.500000000000000   -19.500000000000000   -17.000000000000000   -27.000000000000000   -24.156250000000000   -18.468750000000000   -15.625000000000000   -27.000000000000004   -23.468750000000000   -16.406250000000000   -12.875000000000000   -27.000000000000004   -23.125000000000000   -15.375000000000000   -11.500000000000000   -27.000000000000000   -22.781250000000004   -14.343750000000002   -10.125000000000000   -27.000000000000000   -22.093750000000007   -12.281250000000000   -7.375000000000000   -27.000000000000000   -21.750000000000004   -11.250000000000002   -6.000000000000000   -27.000000000000000   -21.176774999999999   -9.530325000000001   -3.707100000000001   -27.000000000000000   -20.676775000000003   -8.030325000000000   -1.707100000000001   -27.000000000000000   -20.750000000000000   -8.250000000000000   -2.000000000000000   
20.000000000000000   20.000000000000000   20.000000000000000   20.000000000000000   17.500000000000000   17.625000000000000   17.875000000000000   18.000000000000000   12.500000000000000   12.875000000000000   13.625000000000000   14.000000000000000   10.000000000000002   10.500000000000002   11.500000000000002   12.000000000000002   8.500000000000000   8.875000000000000   9.625000000000000   10.000000000000000   5.500000000000000   5.625000000000000   5.875000000000000   6.000000000000000   4.000000000000000   4.000000000000000   4.000000000000000   4.000000000000000   3.000000000000000   3.103549999999999   3.310649999999999   3.414200000000001   1.000000000000000   1.103549999999999   1.310649999999999   1.414200000000001   0.000000000000000   0.000000000000000   0.000000000000000   0.000000000000000   
1.000000000000000   1.000000000000000   1.000000000000000   1.000000000000000   1.000000000000000   1.000000000000000   1.000000000000000   1.000000000000000   1.000000000000000   1.000000000000000   1.000000000000000   1.000000000000000   1.000000000000000   1.000000000000000   1.000000000000000   1.000000000000000   1.000000000000000   1.000000000000000   1.000000000000000   1.000000000000000   1.000000000000000   1.000000000000000   1.000000000000000   1.000000000000000   1.000000000000000   1.000000000000000   1.000000000000000   1.000000000000000   1.000000000000000   0.963387500000000   0.890162500000000   0.853550000000000   1.000000000000000   0.963387500000000   0.890162500000000   0.853550000000000   1.000000000000000   1.000000000000000   1.000000000000000   1.000000000000000   
