# nurbs mesh v.0.7
#
# 26-Aug-2014
#
   2   1
PATCH 1
   2   2
   4  10
0.0000000   0.0000000   0.0000000   0.5000000   1.0000000   1.0000000   1.0000000   
0.0000000   0.0000000   0.0000000   0.2500000   0.5000000   0.5000000   0.6500000   0.8000000   0.8000000   0.9000000   1.0000000   1.0000000   1.0000000   
-17.000000000000000   -8.500000000000000   8.500000000000000   17.000000000000000   -15.625000000000000   -8.680000000000000   5.210000000000001   12.155000000000001   -12.875000000000000   -9.039999999999999   -1.370000000000000   2.465000000000000   -11.500000000000000   -9.219999999999999   -4.660000000000000   -2.380000000000000   -10.124999999999998   -8.188749999999999   -4.316250000000000   -2.380000000000001   -7.374999999999998   -6.126250000000000   -3.628750000000000   -2.380000000000001   -5.999999999999998   -5.095000000000000   -3.285000000000000   -2.380000000000001   -3.707100000000001   -2.890405479651058   -1.257016438953173   -0.440321918604230   -1.707100000000001   -0.842905479651058   0.885483561046827   1.749678081395771   -2.000000000000000   -1.000000000000000   1.000000000000000   2.000000000000000   
20.000000000000000   20.000000000000000   20.000000000000000   20.000000000000000   18.000000000000000   17.685000000000002   17.055000000000000   16.740000000000002   14.000000000000000   13.055000000000000   11.164999999999999   10.219999999999999   12.000000000000002   10.740000000000000   8.220000000000001   6.959999999999999   10.000000000000000   9.115000000000002   7.344999999999999   6.460000000000001   6.000000000000000   5.865000000000002   5.594999999999999   5.460000000000001   4.000000000000000   4.240000000000002   4.719999999999999   4.960000000000001   3.414200000000001   3.594276668870705   3.954430006612121   4.134506675482825   1.414200000000001   1.474276668870708   1.594430006612118   1.654506675482825   0.000000000000000   0.000000000000000   0.000000000000000   0.000000000000000   
1.000000000000000   1.000000000000000   1.000000000000000   1.000000000000000   1.000000000000000   1.000000000000000   1.000000000000000   1.000000000000000   1.000000000000000   1.000000000000000   1.000000000000000   1.000000000000000   1.000000000000000   1.000000000000000   1.000000000000000   1.000000000000000   1.000000000000000   1.000000000000000   1.000000000000000   1.000000000000000   1.000000000000000   1.000000000000000   1.000000000000000   1.000000000000000   1.000000000000000   1.000000000000000   1.000000000000000   1.000000000000000   0.853550000000000   0.858872260174471   0.869516780523414   0.874839040697885   0.853550000000000   0.858872260174471   0.869516780523414   0.874839040697885   1.000000000000000   1.000000000000000   1.000000000000000   1.000000000000000   
