# nurbs mesh v.0.7
#
# 26-Aug-2014
#
   2   1
PATCH 1
   2   2
   4  10
0.0000000   0.0000000   0.0000000   0.5000000   1.0000000   1.0000000   1.0000000   
0.0000000   0.0000000   0.0000000   0.2500000   0.5000000   0.5000000   0.6500000   0.8000000   0.8000000   0.9000000   1.0000000   1.0000000   1.0000000   
17.000000000000000   19.500000000000000   24.500000000000000   27.000000000000000   12.155000000000001   15.866250000000001   23.288750000000000   27.000000000000000   2.465000000000000   8.598749999999999   20.866250000000001   27.000000000000004   -2.380000000000000   4.964999999999996   19.655000000000001   27.000000000000004   -2.380000000000001   4.965000000000000   19.655000000000001   27.000000000000000   -2.380000000000001   4.965000000000000   19.655000000000001   27.000000000000000   -2.380000000000001   4.965000000000000   19.655000000000001   27.000000000000000   -0.440321918604230   6.419758561046827   20.139919520348940   27.000000000000000   1.749678081395771   8.062258561046829   20.687419520348939   27.000000000000000   2.000000000000000   8.250000000000000   20.750000000000000   27.000000000000000   
20.000000000000000   20.000000000000000   20.000000000000000   20.000000000000000   16.740000000000002   16.930000000000000   17.310000000000002   17.500000000000000   10.219999999999999   10.789999999999999   11.930000000000000   12.500000000000000   6.959999999999999   7.720000000000001   9.240000000000000   10.000000000000002   6.460000000000001   6.969999999999999   7.990000000000002   8.500000000000000   5.460000000000001   5.469999999999999   5.490000000000002   5.500000000000000   4.960000000000001   4.719999999999999   4.239999999999998   4.000000000000000   4.134506675482825   3.850880006612119   3.283626668870706   3.000000000000000   1.654506675482825   1.490880006612120   1.163626668870705   1.000000000000000   0.000000000000000   0.000000000000000   0.000000000000000   0.000000000000000   
1.000000000000000   1.000000000000000   1.000000000000000   1.000000000000000   1.000000000000000   1.000000000000000   1.000000000000000   1.000000000000000   1.000000000000000   1.000000000000000   1.000000000000000   1.000000000000000   1.000000000000000   1.000000000000000   1.000000000000000   1.000000000000000   1.000000000000000   1.000000000000000   1.000000000000000   1.000000000000000   1.000000000000000   1.000000000000000   1.000000000000000   1.000000000000000   1.000000000000000   1.000000000000000   1.000000000000000   1.000000000000000   0.874839040697885   0.906129280523414   0.968709760174471   1.000000000000000   0.874839040697885   0.906129280523414   0.968709760174471   1.000000000000000   1.000000000000000   1.000000000000000   1.000000000000000   1.000000000000000   
