  8.296998
  8.395528
  8.282352
  8.213132
  8.313751
  8.266461
  8.211160
  8.218911
  8.306773
  8.295517
  8.290911
  8.290996
  8.289607
  8.258009
  8.199649
  8.359245
  8.255702
  8.295352
  8.266800
  8.239058
  8.278149
  8.234113
  8.222077
  8.247797
  8.281288
  8.214740
  8.359580
  8.286603
  8.335790
  8.307383
  8.290339
  8.317124
  8.312711
  8.247526
  8.273423
  8.256523
  8.386332
  8.231785
  8.255660
  8.233025
  8.221992
  8.243991
  8.233062
  8.304145
  8.256623
  8.224779
  8.278169
  8.259748
  8.242786
  8.302074
  8.291267
  8.225711
  8.296316
  8.272207
  8.256655
  8.253859
  8.276883
