 -2.185276  1.967969 -4.619040  4.326752  1.930898  1.597540  2.059884  0.187526  5.457507  2.782221
 -2.842387  1.990002 -2.128499  3.470751  2.350701  1.641886  2.147274  1.662942  5.292207  2.768731
 -2.344259  1.672142 -2.452612  4.367986  2.046838  2.257740  2.343311 -0.431092  5.155478  0.797967
 -2.293954  1.670823 -4.169231  2.592343  0.592829  2.323458  2.313845 -0.731602  5.450222  0.456115
 -2.561256  1.789730 -2.703450  4.090400  0.817182  1.989764  2.161808  0.585252  5.209365  2.256717
 -2.723975  1.891099 -3.034706  2.825223  0.647494  1.998364  2.475444 -0.638457  5.085268  0.929530
 -2.248733  1.746732 -3.482129  3.898153  2.577258  2.459291  2.223801 -1.445502  4.649294  1.013771
 -2.159283  1.746456 -2.557146  2.987050  2.673159  1.849984  2.009923 -0.995665  5.116045  1.553222
 -2.648340  1.942482 -3.244208  3.599447  2.642984  1.785839  2.351892  1.014916  4.880446  1.789554
 -2.924146  1.678343 -3.407607  4.058334  2.685027  1.629906  2.236982 -0.122437  4.511902  1.212807
 -2.837818  1.930057 -4.066355  3.557066  0.764122  2.101982  2.050412  0.616316  5.189215  2.240379
 -2.549458  1.688499 -4.313069  4.326675  0.730945  2.325817  2.218389  1.984539  4.578176  1.476696
 -2.893347  1.987045 -4.986097  4.049821  2.393258  2.368695  1.941506 -0.400869  4.759870  2.370171
 -2.568586  1.969620 -4.454459  3.027606  0.713847  1.636069  2.420268  0.318818  5.049860  0.732387
 -2.146969  1.871499 -3.947143  3.526499  1.354520  1.575967  2.036349 -1.506724  4.683908  0.969881
 -2.582733  1.676883 -2.291852  4.389574  1.577160  1.989253  2.096009  1.600215  4.869247  0.648007
 -2.219748  1.792511 -4.274926  3.307824  0.591136  1.631973  2.464651  1.824538  5.075209  0.519449
 -2.765220  1.780074 -2.536418  2.530807  0.457560  1.668990  2.285960  0.926890  5.147746  1.497309
 -2.452991  1.760749 -2.765922  2.877910  2.066939  1.683511  2.114776  0.502474  5.280227  0.572814
 -2.070614  1.923742 -3.539625  3.371717  1.466959  1.806349  2.200190  0.043086  5.317628  2.357079
 -2.355682  1.788727 -2.565259  3.565651  1.226818  2.439002  2.424325  0.200625  5.122475  1.837612
 -2.792258  1.762424 -3.587230  2.960976  2.460772  1.694764  2.027812 -1.317168  4.727664  1.459247
 -2.688898  1.973949 -3.709378  2.869633  2.612202  2.479748  2.157711 -1.555523  4.758065  1.391800
 -2.405104  1.749152 -3.191471  3.922432  0.904367  1.617418  2.070972 -0.724887  4.924167  1.639646
 -2.914484  1.749244 -2.596956  2.558441  2.672135  2.230331  2.188051  0.314100  4.737284  1.517122
 -2.036911  1.845914 -3.436593  2.963189  1.572244  2.124060  2.304273 -0.417939  4.867437  2.839955
 -2.962261  1.960957 -2.260140  4.092368  0.596781  1.761871  2.094568  0.718912  4.636553  2.173069
 -2.893238  1.882277 -3.517478  4.058103  2.137593  2.403721  2.433463 -0.663348  5.198746  0.864525
 -2.969459  1.912985 -3.499933  3.459844  2.611806  2.109867  2.266776  1.437769  5.305489  1.811804
 -2.817078  1.741577 -2.340464  2.557348  1.574753  1.667927  2.486995  0.850778  5.000472  1.547721
 -2.940381  1.891870 -4.872707  2.642891  1.654125  1.596730  2.389071  1.270188  5.222440  0.744664
 -2.340395  1.836322 -2.081076  3.797983  2.350826  1.953798  2.153759  1.301255  4.583470  0.702928
 -2.826611  1.792919 -2.505861  4.106729  0.501178  1.899258  2.211394 -0.332802  5.156860  1.939933
 -2.708016  1.806761 -4.953539  4.468127  0.767921  1.606216  2.117170 -1.207526  4.989688  1.218734
 -2.048370  1.972913 -4.841969  3.975716  1.022799  1.922836  2.224201  1.770948  4.917744  2.827631
 -2.698545  1.898374 -3.000983  3.578253  2.095264  2.166528  1.998661 -1.487942  5.499080  0.797803
 -2.967399  1.850808 -2.354400  3.838351  0.826083  1.868917  2.171043  1.926552  4.656405  2.508807
 -2.355235  1.787933 -4.427229  3.356506  1.555055  1.620612  2.249600 -1.095249  4.884619  1.827466
 -2.748194  1.758750 -3.148727  3.030562  2.410941  2.482663  2.335452 -0.624492  5.084069  0.639423
 -2.093692  1.959082 -2.546718  3.021456  1.835891  1.522513  2.149408 -0.749124  4.661485  0.816915
 -2.577114  1.692038 -3.204429  3.441849  2.089873  2.199888  2.279504 -1.865585  4.568806  1.168999
 -2.469136  1.882512 -3.777142  4.139962  2.145897  2.468649  2.214114 -0.699417  4.605629  1.897397
 -2.221198  1.803974 -4.727530  3.032943  0.734142  1.781005  2.158452  0.108571  4.957424  2.558429
 -2.481948  1.980832 -3.086873  4.415388  0.951768  2.176122  2.066329  0.687233  5.195140  0.539982
 -2.745210  1.736174 -2.996502  4.188784  1.211156  2.280520  2.301953 -1.973139  5.102170  1.336928
 -2.084009  1.660391 -3.612653  3.348698  1.502291  2.270160  2.086708  1.138957  4.971357  0.459407
 -2.824126  1.905398 -3.579542  2.805442  1.202812  2.107389  2.006965  0.953707  4.742850  2.663561
 -2.730938  1.920270 -4.434014  3.074996  0.577784  2.076209  2.306852  0.186372  4.925729  1.981107
 -2.352382  1.890866 -3.092640  4.390348  0.872337  2.209282  2.034101 -1.522415  5.107304  1.495344
 -2.541275  1.885061 -2.689143  3.200436  2.005024  1.916159  2.403577  1.331667  4.756441  1.903652
 -2.417751  1.843851 -2.390177  3.029558  1.145185  1.619215  2.463296  0.582207  4.979463  1.968292
 -2.455284  1.880086 -3.368342  3.942093  1.656238  2.493705  2.023393 -1.576807  4.609697  0.528978
 -2.595420  1.812447 -3.902551  4.027009  1.919741  2.271980  2.459041  1.890963  4.692028  0.717186
 -2.303734  1.691899 -3.423787  3.560688  2.502850  1.984853  2.130008  0.685725  5.241258  1.670131
 -2.652287  1.710999 -3.241724  3.024291  0.461135  2.254933  2.038099 -0.230391  5.187796  1.268071
 -2.263660  1.794201 -2.949752  3.908095  1.455764  1.519578  2.091823 -0.302762  4.770270  0.862634
 -2.178279  1.806173 -2.336687  3.282366  2.272786  1.896792  2.383194  1.020308  4.877396  0.910047
 -2.209593  1.982763 -4.017304  3.842529  1.446612  2.333501  2.359001 -1.330986  5.361980  2.844680
