   5.6750096e+00
   1.6160865e+01
  -4.5250684e-01
   1.1716943e+01
   1.3806179e+01
   1.4478015e+01
   6.6453647e+00
  -2.0199090e+00
   1.0567071e+01
   1.3963342e+01
   1.2694536e+01
   6.2144417e-01
   1.0310708e+01
  -6.7697832e+00
   4.5585678e+00
   1.0299260e+01
   4.0367274e+00
   1.9110308e+01
  -1.1147101e+00
   1.3231712e+01
   6.4542861e+00
   1.0244881e+01
   1.0894359e+01
   1.3945393e+01
   1.4678431e+01
   2.0878749e+01
  -3.6744494e+00
  -2.7164702e+00
   2.1658343e+00
   1.2864071e+01
   1.4624012e+01
   1.5250200e+01
   1.9906911e+00
   8.7583187e+00
   1.0323197e+01
   9.1316865e+00
   1.7821794e+01
   1.0060515e+01
   1.2749114e+01
   9.5182214e+00
   1.0359226e+01
   1.5571384e+01
   2.0396430e+01
   1.0619790e+01
   1.0243011e+01
   1.4857114e+00
   1.9019296e+01
   1.2661563e+01
   7.2433019e+00
   9.4881504e+00
   1.0332185e+01
   2.3291623e+00
   1.3550921e+01
  -5.9619436e+00
  -7.0223423e+00
   6.1754888e+00
   1.4024885e+01
  -4.9661224e+00
   1.4469358e+01
   6.2996959e+00
   1.1173562e+01
   4.6310267e+00
   4.0629849e+00
   1.8843179e+01
   8.0048965e+00
  -9.9429596e-01
   1.2417992e+00
   1.5502029e+01
   5.5652768e+00
   1.0242015e+01
   2.1101480e+01
   2.1606612e+01
   6.0376110e+00
   2.8217809e+00
   2.7925092e+00
   1.7930505e+01
   6.3669843e+00
   1.6219760e+01
   1.3798795e+01
  -6.1052076e+00
   4.6207995e+00
   1.7107602e+01
   4.5248939e+00
   9.9574222e+00
  -4.9775443e+00
  -3.7671306e+00
  -1.3589631e+01
   7.5624224e+00
   1.0523750e+01
   1.4697286e+01
   1.8349397e+01
   1.0699826e+01
   1.1810996e+01
   7.9552014e+00
   1.0351024e+01
   1.0276413e+01
   1.0998951e+01
  -4.0314309e+00
   1.3336465e+01
   3.2006437e+00
   1.2348196e+01
   6.0567190e+00
   7.3129508e+00
   1.1240242e+01
   3.6187151e+00
   1.9227473e+01
   9.2285730e+00
   1.4705946e+01
   2.2205462e+01
   8.5975949e+00
   1.1227574e+01
   1.8710593e+01
   1.9550144e+01
   1.6985675e+01
   6.6023928e+00
   7.5477731e+00
   1.0671194e+01
   1.7907520e+01
   8.9782958e+00
   1.2109567e+01
   6.0555993e+00
   1.1849499e+01
   9.6008636e+00
   6.1229572e+00
   8.9027050e+00
   2.4650280e+00
   1.5377549e+01
   7.9507118e+00
   6.5758998e+00
   1.6015118e+01
   2.4131528e+01
   3.1215218e-01
   1.1774278e+01
   1.2614900e+01
   8.9403632e+00
   1.1559013e+01
   1.3206187e+01
   1.4159611e+01
   6.4714524e+00
   1.9414690e+00
   8.5695330e+00
   1.8967044e+01
  -1.6693695e+00
   7.6569012e+00
   1.1446389e+01
   1.8014792e+01
  -1.9559236e+00
  -5.9416445e+00
   2.2139273e+01
   2.0104156e+01
   1.1978787e+01
   1.1181441e+01
   2.6741075e+00
   3.0382820e-01
   9.9036087e+00
   4.7376246e+00
   1.5864306e+01
   9.2588593e+00
   6.2547239e+00
   1.2414713e+01
   1.4439050e+01
   1.6048876e+01
   7.4344651e+00
   9.4683441e+00
   2.2247688e+01
   1.4811731e+01
   1.9150983e+01
   1.8651532e+01
   6.7866079e+00
   1.3730928e+01
   1.3274093e+01
   1.5293186e+01
   1.4799705e+01
   2.0121045e+01
   5.0072235e+00
   6.7340714e+00
   1.3426360e+01
   1.4869188e+01
   1.6391430e+01
   1.2175563e+01
  -7.3829985e+00
   3.9521019e+00
   1.0908202e+00
   1.6086120e+01
   1.4541896e+01
  -9.3904037e-01
   1.1126969e+01
   1.1725005e+01
   1.5401390e+01
   1.5724232e+01
   1.7461649e+01
   7.8667593e+00
   3.4806021e+00
   1.3140983e+01
   1.4856199e+01
   6.2395923e-01
   5.1579257e+00
   7.9788662e+00
   9.0674094e-01
   1.8351537e+01
   1.5117643e+01
   1.9123369e+01
   2.3587689e+01
   8.8640804e+00
   2.0524018e+01
   7.6285868e+00
   9.0533940e+00
   1.9506545e+01
   6.6628859e+00
   8.0686448e+00
   2.6112971e+01
   6.1818983e+00
   1.8162064e+01
   1.3064457e+01
   1.4178748e+01
   1.5322226e+01
   1.3065166e+01
   8.3249197e+00
   8.5294669e+00
   2.2595457e+01
   2.6660499e+00
   1.0150980e+01
   1.4549742e+01
   3.2848218e+00
   1.0514476e+01
   1.7018273e+01
   9.4882359e+00
   9.3724366e+00
   1.9850573e+01
   1.9323405e+01
   1.4020210e+01
   1.2252599e+01
   1.6333866e+01
   1.7056260e+01
   1.2513189e+01
  -1.0240800e+01
   1.3202765e+01
   7.5124058e+00
   1.4656282e+01
   7.6322555e+00
   8.8267564e+00
   6.8686152e+00
   1.0688917e+01
   1.7873618e+01
   1.4193285e+00
  -2.2219665e+00
  -5.1983073e+00
   1.2686528e+01
  -1.6199384e+01
  -8.7686526e-01
   9.7335412e+00
   1.1386903e+01
   1.7686537e+01
  -3.6211424e+00
   1.3158703e+01
   1.1781332e+01
   1.3692804e+01
   1.2858199e+01
   1.1462866e+01
   5.9573216e+00
   8.5938365e-01
   1.5418101e+01
   5.7401678e+00
   1.3701282e+01
   5.2599129e+00
   2.2115461e+01
   9.3557706e+00
   6.1048111e+00
   5.3958525e+00
   2.6279505e+01
   2.7385295e+00
   9.1290959e+00
   7.5780085e+00
  -7.4841467e-01
   1.3054418e+01
   1.0601941e+01
   1.7391391e+01
   1.1414325e+01
   2.4075151e+01
   1.6538901e+01
   1.3260437e+01
  -2.2931954e+00
   1.7743577e+01
  -7.3079030e-01
   9.0356037e+00
   1.2710656e+01
   9.2245762e+00
   2.2804612e-04
   7.7799960e+00
   1.4768834e+01
   8.5395109e+00
   9.7008839e+00
   1.7404386e+01
   9.6367098e+00
   4.0538020e+00
   2.4298245e+01
   1.1195309e+01
  -3.0399248e+00
   5.9620936e+00
   1.2596928e+01
   1.5773493e+01
   3.6807733e+00
   1.0192551e+01
   4.0924715e+00
   1.5158784e+01
   1.5432030e+01
   2.3487264e+01
   1.4041439e+00
   6.8324690e+00
  -1.2871942e+01
   1.1085046e+01
   1.1774947e+01
   1.8847802e+01
   4.9704035e+00
   5.3058317e+00
   2.0921222e+01
   7.7396745e+00
   1.4466426e+01
   2.6623909e+01
   1.2670568e+01
   2.3686460e+01
   7.2724062e+00
   7.3864908e+00
   1.4300508e+01
   1.1808623e+01
   1.0172802e+01
   8.6502035e+00
   8.9401369e+00
   1.2026634e+01
   1.4508611e+01
   7.4463802e+00
  -1.5792212e+00
   1.1751151e+01
   1.3551427e+01
   6.8488757e+00
   1.5389788e+01
   1.1095306e+01
   1.1091485e+01
   1.0924397e+01
  -4.8132450e-01
  -1.4268315e+00
   1.6332894e+01
   2.2354618e+01
   1.8396669e+01
   9.1906687e+00
   1.8482076e+01
   3.4312286e+00
  -3.3389899e+00
   2.1742616e+01
   2.1839289e+01
  -4.7837927e+00
   2.6732020e+00
   1.3297039e+01
   5.8744709e-01
   8.3509968e+00
   1.6504654e+01
   7.1312411e+00
   7.0953489e+00
   1.2524504e+01
   2.1632588e+01
   1.3174458e+01
   5.2219431e+00
   1.2402866e+01
  -3.7695290e+00
   1.3381367e+01
  -1.0713887e+00
   1.7217644e+01
   1.1790937e+01
   1.6715188e+01
   5.6303828e+00
   1.0827699e+01
   1.1473553e+01
   1.6610782e+01
   1.0959600e+01
   1.3333738e+01
   2.1956097e+00
   6.2636611e+00
   1.4357135e+01
  -4.5836517e+00
   9.9595803e+00
   1.7329742e+01
   8.6644342e+00
   1.3745769e+01
   1.9541285e+01
   8.9299085e+00
   5.6101298e+00
  -1.5407462e+01
   1.7062121e+01
   1.7419099e+01
   6.8556805e+00
   6.0988716e-01
   1.8422122e+01
   1.7851756e+01
  -7.1120497e+00
   9.8215747e+00
   1.8154736e+01
   1.3712266e+01
   1.6216948e+01
  -3.3014014e-01
   4.0738912e+00
   1.5145496e+01
  -3.4677914e+00
   1.1333815e+01
  -4.5049433e+00
   1.2520603e+01
   1.2763626e+01
   9.0637563e+00
   9.6193245e+00
  -7.2694836e+00
   1.3013256e+01
  -5.6916238e+00
   1.1418703e+01
   1.1794850e+01
  -4.1320325e+00
   2.4657880e+00
   7.0963151e+00
   6.9357880e+00
   2.6660686e+00
   1.4125066e+01
  -2.2932776e+00
   6.7536064e+00
  -2.9771483e+00
   7.7118095e+00
   1.6542969e+01
   9.1886632e+00
   1.8741533e+01
  -2.2271216e+00
   1.2363633e+01
   1.1676745e+01
   1.1727091e+01
   5.2869321e+00
   1.5265218e+01
   1.7534619e+01
   8.6066786e+00
   7.4139641e+00
   1.2683883e+01
   1.1836551e+01
   8.0458824e+00
   1.4056496e+01
   1.4521609e+01
   1.1481066e+01
   6.1332904e+00
   6.2442109e+00
   6.1060459e+00
   4.9322476e+00
   3.0755068e+00
   5.5317480e+00
   1.7941781e+01
   9.0782132e+00
   1.2936729e+01
  -5.3527031e+00
   4.3465965e+00
   2.3594855e+01
   6.1356525e+00
   1.1680846e+01
  -3.0060848e+00
   9.9115742e+00
   1.5610461e+01
   1.7061035e+01
   4.4914810e+00
   1.3291744e+00
   1.8319156e+01
   6.0661255e+00
   7.9711947e+00
   8.8494772e+00
   7.6110500e+00
   4.4107762e+00
   1.3993366e+01
   1.9848253e+01
   1.9265818e+01
   4.0862422e+00
   6.2581784e+00
   7.3234382e+00
   9.3617409e+00
   5.0594394e+00
   2.3522811e+01
   7.7425870e+00
   2.2652642e+01
   7.8665976e+00
   2.6189048e-01
   2.2858814e+01
   1.0178692e+01
   8.7591383e+00
   1.2852095e+01
   1.2507632e+01
  -2.7032932e+00
   1.8570106e+01
   1.1262624e+01
   7.0610615e+00
   5.6413236e+00
   1.2074456e+01
  -7.9133375e+00
   1.0444552e+01
   1.5734889e+01
   1.5596459e+01
   3.5074111e+00
   2.0856241e+01
   1.5461232e+01
   1.8371410e+01
   1.2567744e+01
   8.0252680e+00
  -1.3718491e+00
   1.8273390e+01
   1.7294386e+01
  -1.4151355e+00
   1.7283964e+01
  -1.8651552e+00
   6.2131062e+00
   1.5876803e+01
   1.2000930e+01
   1.9205415e+01
   9.8862558e+00
   1.9701829e+01
   1.5436291e+01
   1.5698512e+01
   1.1621963e+01
   7.8326279e+00
   1.8712950e+01
   1.1252703e+01
   2.0039288e+01
  -3.9161265e+00
   1.5639867e+01
   1.7507457e+01
   1.6357386e+01
   1.9486367e+01
   1.6010685e+01
   1.9300267e+01
   8.4291755e+00
   1.0448288e+01
   6.7386831e+00
   2.5241139e+00
   7.5655665e+00
   2.1392067e+00
   4.7628325e+00
   4.5817750e+00
   1.1827687e+01
   2.8253098e+00
   1.7297461e+00
   1.8524944e+01
   1.7132307e+01
   5.6865481e+00
   1.1788248e+01
   1.4124334e+01
   1.0913891e+01
  -1.5701892e+00
   5.0097135e+00
   1.3602496e+01
   1.0231329e+01
   1.6850313e+01
   1.8108742e+01
   6.6293044e+00
   8.2863555e+00
   1.9927895e+01
  -7.3350377e+00
   1.4673754e+01
  -2.5486129e+00
  -4.5461890e+00
   8.0998866e+00
   1.5675404e+01
   1.1440217e+01
   1.3853758e+01
   2.0719834e+01
  -5.3519040e-01
   2.2282721e+00
   2.4384188e+01
   1.6650137e+01
   1.5747453e+01
   1.3129611e+01
   6.4342474e+00
   2.5539314e+01
   1.6178954e+01
   1.7835614e+00
   9.2676149e+00
  -3.4622398e+00
  -1.1324114e+00
   1.9036760e+01
   1.8515923e+01
  -1.4344763e+01
   1.1668044e+01
   1.6384140e+01
   9.2254998e+00
   2.5164698e+01
  -3.3162433e+00
   1.1563072e+01
   2.1468565e-02
   1.2077902e+01
   1.2683362e-01
   2.1108495e+01
   2.0144374e+01
   4.4456472e+00
   1.0379685e+01
   2.0692748e+01
   1.1229632e+01
   9.8992242e+00
   1.8360732e+01
   3.8967368e+00
   7.4320463e+00
  -1.8552608e+00
   4.2157557e+00
   3.1148796e+00
   2.9225653e+01
   1.7874929e+01
   1.9176983e+01
   9.4542741e+00
   2.1253587e+01
  -3.2854955e+00
   1.3058521e+01
   7.8273959e+00
   4.0099089e+00
   5.6443567e+00
   1.5421568e+01
   1.1661040e+01
   5.0485642e+00
   1.2121187e+01
   1.2245135e+01
   2.0812172e+01
   1.2253831e+01
  -1.5125011e+00
   1.6643444e+01
   3.9933937e+00
   6.0828117e+00
   2.4136960e+00
  -3.3920035e+00
   1.1349072e+01
  -9.3482147e+00
   6.7155747e-01
   6.9208160e+00
  -3.0980209e+00
   1.2357154e+01
   1.3076096e+01
   5.5750726e+00
   1.4792317e+01
   6.7510565e+00
   4.1087646e+00
   2.9231156e+01
   1.1374525e+01
   1.7184355e+00
   1.1142553e+01
   1.5729673e+01
   7.9186136e-02
   1.3277828e+01
   2.9014683e+00
   1.9801407e+01
   5.3549597e+00
   1.0540826e+01
   1.0197613e+01
  -7.1634078e-01
   1.4822333e+01
   1.1039945e+01
   1.4838424e+01
   1.7759123e+01
   1.0774579e+01
   1.3983236e+01
   2.0625875e+01
  -1.8762207e+00
   1.3419635e+01
   4.1395184e+00
   1.0484624e+01
   7.2373714e+00
   1.0026803e+01
   2.3686897e+00
   3.4721563e+00
   1.5633280e+01
   1.0082777e+01
   5.0202223e+00
   1.5552196e+01
   2.1243357e+01
   3.0256665e+01
   1.3704592e+01
   7.6827435e+00
   4.0945387e-01
   2.2840808e+01
   1.9671938e+01
   1.7043933e+01
   1.2500276e+01
   1.2270856e+01
   1.5357840e+01
  -3.8776157e+00
   1.4883778e+01
   7.1235226e+00
   7.6075893e+00
   5.5946761e+00
   1.2084386e+01
   1.3029182e+01
  -6.7446603e+00
   1.3040865e+01
   7.5780690e+00
   1.4794698e+01
   1.0986599e+01
   9.1888911e+00
   3.1082163e+00
   2.6645230e+01
   9.2085362e+00
   9.3079942e+00
   7.8341130e+00
   5.6726293e+00
   5.7061080e+00
   1.0416070e+01
   4.0714860e+00
   5.1337600e+00
   1.1960362e+01
   1.1604714e+01
   5.1687422e+00
   7.7485849e+00
   1.4863854e+01
  -5.7136163e+00
   1.4974475e+01
   6.1701721e+00
   4.7987650e-01
   1.6399229e+01
   1.1307451e+01
   4.2091523e+00
  -6.9541414e+00
   2.0768280e+01
   1.4560626e+01
   2.5147596e+01
   1.4063249e+01
   1.4802363e+01
   1.5473373e+01
   6.6440979e+00
   6.7608566e+00
   1.5592181e+01
  -1.8708890e+00
   5.3641706e+00
  -1.9600488e+00
  -1.8008891e-01
   7.8985178e+00
  -1.1057887e+01
  -4.3340391e+00
   8.4129966e+00
   2.0820923e+01
   1.0053115e+01
   1.9576932e+01
   4.6678011e+00
   6.4361939e+00
  -4.4055971e+00
   8.9082344e+00
   1.5796342e+01
   5.0869732e+00
   9.9851404e+00
   2.1591398e-01
   1.2171867e+01
   1.1838778e+01
   2.4650054e+01
   1.4905779e+01
   1.4967880e+01
   1.4346700e+01
   5.6708461e+00
   1.1174326e+01
   4.1220003e+00
   1.1627821e+01
   5.1619861e+00
   1.2230897e+01
   7.6955793e+00
   1.5155291e+01
   1.2380179e+01
   2.0868441e+01
   1.3290103e+01
  -4.7551949e-01
  -1.4676741e+00
   2.2453909e+01
   4.2465099e+00
   1.0357348e+01
   1.1041193e+01
   1.6868233e+01
   1.6878433e+01
   1.2461177e+01
   7.9075368e+00
   9.2086896e+00
   1.2747543e+01
   1.0910668e+01
   6.4870237e+00
   3.6040414e+00
   5.3671701e+00
   1.0879267e+01
   1.3384179e+01
   9.2412465e+00
   8.8056118e+00
   7.5469373e+00
  -2.2364046e+00
   2.0116350e+01
   7.9668110e+00
  -2.4089431e+00
   1.8624048e+01
   4.9622646e+00
  -1.6789144e-01
   6.3844773e+00
   1.1205004e+01
   1.2425148e+01
  -2.1788331e+00
   1.3881167e+01
   1.0232128e+01
   1.6866191e+01
   2.3854385e+01
   2.2603377e+00
   1.9263243e+01
   1.9102562e+00
  -2.6274586e-02
   1.7592742e+01
   1.1881445e+01
   1.7367867e+01
   4.2076328e+00
   1.5969976e+01
   1.2405421e+01
   7.2031329e+00
   1.2950604e+01
   1.1928068e+01
   8.5158983e+00
   4.9143987e+00
   9.0931683e+00
   1.0206049e+01
   1.1551351e+01
   1.1437105e+01
   6.4498011e+00
   1.3112175e+01
   6.3274694e+00
   1.6453982e+00
  -4.6504056e+00
   6.6153308e+00
   9.4901761e+00
  -4.9239775e+00
   8.9910577e+00
   2.8586230e+00
   4.2895751e+00
   4.0911553e+00
   9.3559930e+00
   1.0162306e+01
   1.5219405e+01
   1.2722892e+01
   1.7014548e+01
  -5.5173929e+00
   1.5800431e+01
  -2.2307606e+00
   1.1694250e+01
   1.1622433e+01
   4.2541933e+00
   1.2591464e+01
   1.8117922e+01
   1.7654137e+01
   1.3079056e+01
   1.6460178e+01
   1.4533324e+01
   1.6043472e+01
   1.2761231e+01
   1.7292214e+01
   6.1916754e+00
  -1.9905998e+00
  -4.2129191e+00
   1.7419798e+01
   1.3256933e+01
   1.0474641e+01
   2.2271357e+01
   4.5154537e+00
   9.6260754e+00
   1.8070060e+01
   9.9245357e-01
   1.8882383e+01
   1.6513489e+01
   1.5638375e+01
   6.7184244e-01
  -3.3216514e-01
   1.4217457e+01
   9.0981922e+00
  -6.6332886e-01
   1.7070848e+01
   3.0867984e+01
   1.2919848e+01
   8.8351283e+00
  -3.5645364e+00
   1.4220775e+01
   1.7387142e+01
   9.9620761e+00
  -4.0953840e+00
   1.1740661e+01
   8.6293770e+00
   1.0951191e+01
   6.1092634e+00
   1.7889864e+01
   2.1072367e+00
   9.4392863e+00
   2.5675551e+00
   2.0700005e+01
   4.4423985e+00
   1.1151510e+01
   7.2577231e+00
   1.9591964e+01
   1.2506500e+01
   5.1228364e+00
   2.0187424e+01
   1.6288545e+01
   1.3878037e+01
   8.6251690e+00
   3.1622271e+00
   6.2226090e+00
   6.1737990e+00
   1.6013230e+01
   1.2444861e+01
   8.0498694e+00
   6.3693570e+00
   6.2525947e+00
   1.0116398e+01
   1.1332698e+00
   8.7147550e+00
   5.3764205e+00
   8.6558942e+00
   1.6420234e+01
   7.6627021e+00
   1.4111824e+01
   1.3751983e+01
   2.4711293e+01
   3.0653367e+00
  -3.7636783e+00
  -3.0195799e+00
   1.9317610e+01
   1.6287382e+01
   1.7595965e+01
   6.6638363e+00
   9.8519044e+00
   1.6070875e+01
   1.4553830e+01
   1.8375127e+01
   4.9338356e+00
  -1.4511888e+01
   1.9147659e+01
   1.1652234e+01
   1.5334717e+01
   1.5191487e+01
   9.1499743e+00
   1.0020599e+01
   7.0833353e-01
   1.6466056e+01
   2.8520770e+01
   7.8644944e+00
   6.8889647e+00
   2.8739477e+00
   1.5058833e+01
   1.4938885e+01
   1.3918309e+01
   5.1628263e+00
   1.4171907e+01
   2.1622470e+01
   1.0148168e+01
   2.0685697e+01
   7.1059435e+00
   8.6765526e+00
   1.2451152e+01
   1.0769827e+01
   1.2919462e+01
   8.7991418e+00
   8.6008256e-01
   1.5174824e+01
   9.0701544e+00
  -1.2333727e+01
   1.5477046e+01
  -4.1627575e+00
   1.1615263e+01
   1.1328871e+01
  -4.2649494e+00
   3.2428674e+00
   1.0326506e+01
   1.3440042e+00
   1.9465431e+01
   2.5633271e+00
   1.3830735e+01
   2.4185775e+00
   7.3351937e+00
   1.2930938e+01
   2.2782691e+01
   7.0124895e+00
   2.0393365e+01
   1.6886641e+01
   1.6389494e+01
   6.7334144e+00
   2.9588075e+00
   8.3202083e+00
   4.5976408e+00
   8.5698978e+00
   9.7732049e+00
   7.8743814e+00
  -2.8090097e+00
   1.7563361e+01
   1.9915898e+01
   1.2168720e+01
   7.8503485e+00
  -3.5366154e+00
   1.7795224e+01
   9.6270875e+00
   1.4032536e+01
   8.6957848e+00
   1.1075736e+01
   1.7079145e+01
   3.1439893e+00
   1.8916107e+01
   8.1037957e+00
   9.9663228e-01
   1.1460807e+01
   5.5864638e+00
   1.1553144e+01
   1.9937275e+01
   1.1559428e+01
